Program 15.2 Calibration test
Valvano July 2019
Connect analog signals to P9.0,P6.1,P9.1
 1890   90  4960   40     0  160
 1890   90  4959   40     0  160
 1890   90  4960   40     0  160
 1889   90  4956   40     0  160
 1889   90  4957   40     0  160
 1890   90  4960   40     0  160
 1889   90  4956   40     0  160
 1887   90  4951   40     0  160
 1889   90  4959   40     0  160
 1889   90  4959   40     0  160
 1888   90  4958   40     0  160
 1888   90  4954   40     0  160
 1888   90  4955   40     0  160
 1889   90  4958   40     0  160
